{
 "cells": [
  {
   "cell_type": "code",
   "execution_count": 1,
   "id": "d45ec3e5",
   "metadata": {},
   "outputs": [
    {
     "name": "stdout",
     "output_type": "stream",
     "text": [
      "Requirement already satisfied: pandas in c:\\programdata\\anaconda3\\envs\\tensorflow\\lib\\site-packages (1.4.2)\n",
      "Requirement already satisfied: pytz>=2020.1 in c:\\programdata\\anaconda3\\envs\\tensorflow\\lib\\site-packages (from pandas) (2022.1)\n",
      "Requirement already satisfied: numpy>=1.18.5 in c:\\programdata\\anaconda3\\envs\\tensorflow\\lib\\site-packages (from pandas) (1.21.5)\n",
      "Requirement already satisfied: python-dateutil>=2.8.1 in c:\\programdata\\anaconda3\\envs\\tensorflow\\lib\\site-packages (from pandas) (2.8.2)\n",
      "Requirement already satisfied: six>=1.5 in c:\\programdata\\anaconda3\\envs\\tensorflow\\lib\\site-packages (from python-dateutil>=2.8.1->pandas) (1.16.0)\n",
      "Requirement already satisfied: numpy in c:\\programdata\\anaconda3\\envs\\tensorflow\\lib\\site-packages (1.21.5)\n",
      "Requirement already satisfied: sklearn in c:\\programdata\\anaconda3\\envs\\tensorflow\\lib\\site-packages (0.0)\n",
      "Requirement already satisfied: scikit-learn in c:\\programdata\\anaconda3\\envs\\tensorflow\\lib\\site-packages (from sklearn) (1.1.1)\n",
      "Requirement already satisfied: threadpoolctl>=2.0.0 in c:\\programdata\\anaconda3\\envs\\tensorflow\\lib\\site-packages (from scikit-learn->sklearn) (3.1.0)\n",
      "Requirement already satisfied: joblib>=1.0.0 in c:\\programdata\\anaconda3\\envs\\tensorflow\\lib\\site-packages (from scikit-learn->sklearn) (1.1.0)\n",
      "Requirement already satisfied: scipy>=1.3.2 in c:\\programdata\\anaconda3\\envs\\tensorflow\\lib\\site-packages (from scikit-learn->sklearn) (1.7.3)\n",
      "Requirement already satisfied: numpy>=1.17.3 in c:\\programdata\\anaconda3\\envs\\tensorflow\\lib\\site-packages (from scikit-learn->sklearn) (1.21.5)\n",
      "Requirement already satisfied: matplotlib in c:\\programdata\\anaconda3\\envs\\tensorflow\\lib\\site-packages (3.5.1)\n",
      "Requirement already satisfied: pyparsing>=2.2.1 in c:\\programdata\\anaconda3\\envs\\tensorflow\\lib\\site-packages (from matplotlib) (3.0.4)\n",
      "Requirement already satisfied: packaging>=20.0 in c:\\programdata\\anaconda3\\envs\\tensorflow\\lib\\site-packages (from matplotlib) (21.3)\n",
      "Requirement already satisfied: kiwisolver>=1.0.1 in c:\\programdata\\anaconda3\\envs\\tensorflow\\lib\\site-packages (from matplotlib) (1.4.0)\n",
      "Requirement already satisfied: numpy>=1.17 in c:\\programdata\\anaconda3\\envs\\tensorflow\\lib\\site-packages (from matplotlib) (1.21.5)\n",
      "Requirement already satisfied: pillow>=6.2.0 in c:\\programdata\\anaconda3\\envs\\tensorflow\\lib\\site-packages (from matplotlib) (9.0.1)\n",
      "Requirement already satisfied: cycler>=0.10 in c:\\programdata\\anaconda3\\envs\\tensorflow\\lib\\site-packages (from matplotlib) (0.11.0)\n",
      "Requirement already satisfied: fonttools>=4.22.0 in c:\\programdata\\anaconda3\\envs\\tensorflow\\lib\\site-packages (from matplotlib) (4.31.2)\n",
      "Requirement already satisfied: python-dateutil>=2.7 in c:\\programdata\\anaconda3\\envs\\tensorflow\\lib\\site-packages (from matplotlib) (2.8.2)\n",
      "Requirement already satisfied: six>=1.5 in c:\\programdata\\anaconda3\\envs\\tensorflow\\lib\\site-packages (from python-dateutil>=2.7->matplotlib) (1.16.0)\n",
      "Requirement already satisfied: imblearn in c:\\programdata\\anaconda3\\envs\\tensorflow\\lib\\site-packages (0.0)\n",
      "Requirement already satisfied: imbalanced-learn in c:\\programdata\\anaconda3\\envs\\tensorflow\\lib\\site-packages (from imblearn) (0.9.1)\n",
      "Requirement already satisfied: threadpoolctl>=2.0.0 in c:\\programdata\\anaconda3\\envs\\tensorflow\\lib\\site-packages (from imbalanced-learn->imblearn) (3.1.0)\n",
      "Requirement already satisfied: numpy>=1.17.3 in c:\\programdata\\anaconda3\\envs\\tensorflow\\lib\\site-packages (from imbalanced-learn->imblearn) (1.21.5)\n",
      "Requirement already satisfied: scipy>=1.3.2 in c:\\programdata\\anaconda3\\envs\\tensorflow\\lib\\site-packages (from imbalanced-learn->imblearn) (1.7.3)\n",
      "Requirement already satisfied: joblib>=1.0.0 in c:\\programdata\\anaconda3\\envs\\tensorflow\\lib\\site-packages (from imbalanced-learn->imblearn) (1.1.0)\n",
      "Requirement already satisfied: scikit-learn>=1.1.0 in c:\\programdata\\anaconda3\\envs\\tensorflow\\lib\\site-packages (from imbalanced-learn->imblearn) (1.1.1)\n",
      "Requirement already satisfied: seaborn in c:\\programdata\\anaconda3\\envs\\tensorflow\\lib\\site-packages (0.11.2)\n",
      "Requirement already satisfied: scipy>=1.0 in c:\\programdata\\anaconda3\\envs\\tensorflow\\lib\\site-packages (from seaborn) (1.7.3)\n",
      "Requirement already satisfied: numpy>=1.15 in c:\\programdata\\anaconda3\\envs\\tensorflow\\lib\\site-packages (from seaborn) (1.21.5)\n",
      "Requirement already satisfied: matplotlib>=2.2 in c:\\programdata\\anaconda3\\envs\\tensorflow\\lib\\site-packages (from seaborn) (3.5.1)\n",
      "Requirement already satisfied: pandas>=0.23 in c:\\programdata\\anaconda3\\envs\\tensorflow\\lib\\site-packages (from seaborn) (1.4.2)\n",
      "Requirement already satisfied: python-dateutil>=2.7 in c:\\programdata\\anaconda3\\envs\\tensorflow\\lib\\site-packages (from matplotlib>=2.2->seaborn) (2.8.2)\n",
      "Requirement already satisfied: fonttools>=4.22.0 in c:\\programdata\\anaconda3\\envs\\tensorflow\\lib\\site-packages (from matplotlib>=2.2->seaborn) (4.31.2)\n",
      "Requirement already satisfied: pillow>=6.2.0 in c:\\programdata\\anaconda3\\envs\\tensorflow\\lib\\site-packages (from matplotlib>=2.2->seaborn) (9.0.1)\n",
      "Requirement already satisfied: kiwisolver>=1.0.1 in c:\\programdata\\anaconda3\\envs\\tensorflow\\lib\\site-packages (from matplotlib>=2.2->seaborn) (1.4.0)\n",
      "Requirement already satisfied: packaging>=20.0 in c:\\programdata\\anaconda3\\envs\\tensorflow\\lib\\site-packages (from matplotlib>=2.2->seaborn) (21.3)\n",
      "Requirement already satisfied: pyparsing>=2.2.1 in c:\\programdata\\anaconda3\\envs\\tensorflow\\lib\\site-packages (from matplotlib>=2.2->seaborn) (3.0.4)\n",
      "Requirement already satisfied: cycler>=0.10 in c:\\programdata\\anaconda3\\envs\\tensorflow\\lib\\site-packages (from matplotlib>=2.2->seaborn) (0.11.0)\n",
      "Requirement already satisfied: pytz>=2020.1 in c:\\programdata\\anaconda3\\envs\\tensorflow\\lib\\site-packages (from pandas>=0.23->seaborn) (2022.1)\n",
      "Requirement already satisfied: six>=1.5 in c:\\programdata\\anaconda3\\envs\\tensorflow\\lib\\site-packages (from python-dateutil>=2.7->matplotlib>=2.2->seaborn) (1.16.0)\n"
     ]
    }
   ],
   "source": [
    "!pip install pandas\n",
    "!pip install numpy\n",
    "!pip install sklearn\n",
    "!pip install matplotlib\n",
    "!pip install imblearn\n",
    "!pip install seaborn"
   ]
  },
  {
   "cell_type": "markdown",
   "id": "ccd3830c",
   "metadata": {},
   "source": [
    "# Importing Libraries"
   ]
  },
  {
   "cell_type": "code",
   "execution_count": 2,
   "id": "39d83f96",
   "metadata": {},
   "outputs": [],
   "source": [
    "import pandas as pd\n",
    "pd.set_option('display.max_rows', None)\n",
    "import numpy  as np\n",
    "from tensorflow import keras\n",
    "import seaborn as sns\n",
    "import matplotlib.pyplot as plt"
   ]
  },
  {
   "cell_type": "markdown",
   "id": "54b38a6d",
   "metadata": {},
   "source": [
    "# Importing Dataframe"
   ]
  },
  {
   "cell_type": "code",
   "execution_count": 3,
   "id": "fef42208",
   "metadata": {},
   "outputs": [],
   "source": [
    "train  = pd.read_csv(\"C:\\\\Users\\\\LENOVO\\\\Desktop\\\\robi-datathon-2-pre-assessment\\\\train.csv\",index_col=0)\n",
    "test   = pd.read_csv(\"C:\\\\Users\\\\LENOVO\\\\Desktop\\\\robi-datathon-2-pre-assessment\\\\test.csv\",index_col=0)"
   ]
  },
  {
   "cell_type": "markdown",
   "id": "3eefeda5",
   "metadata": {},
   "source": [
    "# Checking Important Information"
   ]
  },
  {
   "cell_type": "code",
   "execution_count": 4,
   "id": "cf990177",
   "metadata": {},
   "outputs": [
    {
     "data": {
      "text/plain": [
       "object     14\n",
       "float64    14\n",
       "int64       7\n",
       "dtype: int64"
      ]
     },
     "execution_count": 4,
     "metadata": {},
     "output_type": "execute_result"
    }
   ],
   "source": [
    "train.dtypes.value_counts()"
   ]
  },
  {
   "cell_type": "code",
   "execution_count": 5,
   "id": "ad835619",
   "metadata": {},
   "outputs": [
    {
     "name": "stdout",
     "output_type": "stream",
     "text": [
      "<class 'pandas.core.frame.DataFrame'>\n",
      "Index: 28322 entries, b'gAAAAABinOicS09vrmgh0_JyEHihI13ptO0rCyHP7l76be71PWA2ReUc4HUQn16Fya1z8_VStNnFGaXJF262CgsuMPzOaknSeg==' to b'gAAAAABinOiZ3mCQAtoJFXj-Ymjhi9FbbZ_Ypi5gDoAEYe1Cx66GhkhZ5UIJNLcPlgrRyfpabvIwD5ok1GxipWfkujjwXyMMBw=='\n",
      "Data columns (total 35 columns):\n",
      " #   Column  Non-Null Count  Dtype  \n",
      "---  ------  --------------  -----  \n",
      " 0   gender  28322 non-null  object \n",
      " 1   s11     28322 non-null  object \n",
      " 2   s12     28322 non-null  object \n",
      " 3   s13     28322 non-null  int64  \n",
      " 4   s16     28322 non-null  object \n",
      " 5   s17     28322 non-null  object \n",
      " 6   s18     28322 non-null  object \n",
      " 7   s48     28322 non-null  int64  \n",
      " 8   s52     28322 non-null  object \n",
      " 9   s53     28322 non-null  object \n",
      " 10  s54     2628 non-null   object \n",
      " 11  s55     3206 non-null   object \n",
      " 12  s56     0 non-null      float64\n",
      " 13  s57     0 non-null      float64\n",
      " 14  s58     28322 non-null  object \n",
      " 15  s59     0 non-null      float64\n",
      " 16  s69     28322 non-null  object \n",
      " 17  s70     28322 non-null  object \n",
      " 18  s71     28322 non-null  object \n",
      " 19  n1      28322 non-null  float64\n",
      " 20  n2      28322 non-null  float64\n",
      " 21  n3      28322 non-null  int64  \n",
      " 22  n4      28322 non-null  float64\n",
      " 23  n5      28322 non-null  float64\n",
      " 24  n6      28322 non-null  float64\n",
      " 25  n7      28322 non-null  float64\n",
      " 26  n8      28322 non-null  float64\n",
      " 27  n9      28322 non-null  float64\n",
      " 28  n10     28322 non-null  float64\n",
      " 29  n11     28322 non-null  float64\n",
      " 30  n12     28322 non-null  int64  \n",
      " 31  n13     28322 non-null  int64  \n",
      " 32  n14     28322 non-null  float64\n",
      " 33  n15     28322 non-null  int64  \n",
      " 34  label   28322 non-null  int64  \n",
      "dtypes: float64(14), int64(7), object(14)\n",
      "memory usage: 7.8+ MB\n"
     ]
    }
   ],
   "source": [
    "train.info()"
   ]
  },
  {
   "cell_type": "code",
   "execution_count": 6,
   "id": "d46c917d",
   "metadata": {},
   "outputs": [
    {
     "data": {
      "text/plain": [
       "s13       2\n",
       "s48       2\n",
       "n3       10\n",
       "n12       2\n",
       "n13       2\n",
       "n15       7\n",
       "label     2\n",
       "dtype: int64"
      ]
     },
     "execution_count": 6,
     "metadata": {},
     "output_type": "execute_result"
    }
   ],
   "source": [
    "train.select_dtypes(include=['int64']).nunique()"
   ]
  },
  {
   "cell_type": "markdown",
   "id": "b6c30a71",
   "metadata": {},
   "source": [
    "# Dropping Null and Less Significant Columns from Train Dataframe"
   ]
  },
  {
   "cell_type": "code",
   "execution_count": 7,
   "id": "ce43b2dc",
   "metadata": {},
   "outputs": [],
   "source": [
    "train.drop(\"s13\", axis=1,inplace=True)\n",
    "train.drop(\"s53\", axis=1, inplace=True)\n",
    "train.drop(\"s54\", axis=1, inplace=True)\n",
    "train.drop(\"s55\", axis=1, inplace=True)\n",
    "train.drop(\"s56\", axis=1, inplace=True)\n",
    "train.drop(\"s57\", axis=1, inplace=True)\n",
    "train.drop(\"n12\", axis=1, inplace=True)"
   ]
  },
  {
   "cell_type": "code",
   "execution_count": 8,
   "id": "33b0198e",
   "metadata": {},
   "outputs": [],
   "source": [
    "train.drop(\"s59\", axis=1, inplace=True)"
   ]
  },
  {
   "cell_type": "code",
   "execution_count": 9,
   "id": "e9e31f36",
   "metadata": {},
   "outputs": [
    {
     "name": "stdout",
     "output_type": "stream",
     "text": [
      "<class 'pandas.core.frame.DataFrame'>\n",
      "Index: 28322 entries, b'gAAAAABinOicS09vrmgh0_JyEHihI13ptO0rCyHP7l76be71PWA2ReUc4HUQn16Fya1z8_VStNnFGaXJF262CgsuMPzOaknSeg==' to b'gAAAAABinOiZ3mCQAtoJFXj-Ymjhi9FbbZ_Ypi5gDoAEYe1Cx66GhkhZ5UIJNLcPlgrRyfpabvIwD5ok1GxipWfkujjwXyMMBw=='\n",
      "Data columns (total 27 columns):\n",
      " #   Column  Non-Null Count  Dtype  \n",
      "---  ------  --------------  -----  \n",
      " 0   gender  28322 non-null  object \n",
      " 1   s11     28322 non-null  object \n",
      " 2   s12     28322 non-null  object \n",
      " 3   s16     28322 non-null  object \n",
      " 4   s17     28322 non-null  object \n",
      " 5   s18     28322 non-null  object \n",
      " 6   s48     28322 non-null  int64  \n",
      " 7   s52     28322 non-null  object \n",
      " 8   s58     28322 non-null  object \n",
      " 9   s69     28322 non-null  object \n",
      " 10  s70     28322 non-null  object \n",
      " 11  s71     28322 non-null  object \n",
      " 12  n1      28322 non-null  float64\n",
      " 13  n2      28322 non-null  float64\n",
      " 14  n3      28322 non-null  int64  \n",
      " 15  n4      28322 non-null  float64\n",
      " 16  n5      28322 non-null  float64\n",
      " 17  n6      28322 non-null  float64\n",
      " 18  n7      28322 non-null  float64\n",
      " 19  n8      28322 non-null  float64\n",
      " 20  n9      28322 non-null  float64\n",
      " 21  n10     28322 non-null  float64\n",
      " 22  n11     28322 non-null  float64\n",
      " 23  n13     28322 non-null  int64  \n",
      " 24  n14     28322 non-null  float64\n",
      " 25  n15     28322 non-null  int64  \n",
      " 26  label   28322 non-null  int64  \n",
      "dtypes: float64(11), int64(5), object(11)\n",
      "memory usage: 6.1+ MB\n"
     ]
    }
   ],
   "source": [
    "train.info()"
   ]
  },
  {
   "cell_type": "markdown",
   "id": "54fe712c",
   "metadata": {},
   "source": [
    "# Data Describe and Co-relation Matrix"
   ]
  },
  {
   "cell_type": "code",
   "execution_count": 10,
   "id": "1ef524af",
   "metadata": {},
   "outputs": [
    {
     "data": {
      "text/html": [
       "<div>\n",
       "<style scoped>\n",
       "    .dataframe tbody tr th:only-of-type {\n",
       "        vertical-align: middle;\n",
       "    }\n",
       "\n",
       "    .dataframe tbody tr th {\n",
       "        vertical-align: top;\n",
       "    }\n",
       "\n",
       "    .dataframe thead th {\n",
       "        text-align: right;\n",
       "    }\n",
       "</style>\n",
       "<table border=\"1\" class=\"dataframe\">\n",
       "  <thead>\n",
       "    <tr style=\"text-align: right;\">\n",
       "      <th></th>\n",
       "      <th>s48</th>\n",
       "      <th>n1</th>\n",
       "      <th>n2</th>\n",
       "      <th>n3</th>\n",
       "      <th>n4</th>\n",
       "      <th>n5</th>\n",
       "      <th>n6</th>\n",
       "      <th>n7</th>\n",
       "      <th>n8</th>\n",
       "      <th>n9</th>\n",
       "      <th>n10</th>\n",
       "      <th>n11</th>\n",
       "      <th>n13</th>\n",
       "      <th>n14</th>\n",
       "      <th>n15</th>\n",
       "      <th>label</th>\n",
       "    </tr>\n",
       "  </thead>\n",
       "  <tbody>\n",
       "    <tr>\n",
       "      <th>count</th>\n",
       "      <td>28322.000000</td>\n",
       "      <td>28322.000000</td>\n",
       "      <td>28322.000000</td>\n",
       "      <td>28322.000000</td>\n",
       "      <td>28322.000000</td>\n",
       "      <td>28322.000000</td>\n",
       "      <td>28322.000000</td>\n",
       "      <td>28322.000000</td>\n",
       "      <td>28322.000000</td>\n",
       "      <td>28322.000000</td>\n",
       "      <td>28322.000000</td>\n",
       "      <td>28322.000000</td>\n",
       "      <td>28322.000000</td>\n",
       "      <td>28322.000000</td>\n",
       "      <td>28322.000000</td>\n",
       "      <td>28322.000000</td>\n",
       "    </tr>\n",
       "    <tr>\n",
       "      <th>mean</th>\n",
       "      <td>0.433338</td>\n",
       "      <td>10.201863</td>\n",
       "      <td>1.600111</td>\n",
       "      <td>4.805099</td>\n",
       "      <td>5.080537</td>\n",
       "      <td>-32.641183</td>\n",
       "      <td>0.015014</td>\n",
       "      <td>-9.107429</td>\n",
       "      <td>1.612428</td>\n",
       "      <td>5.232644</td>\n",
       "      <td>6.115109</td>\n",
       "      <td>1.699553</td>\n",
       "      <td>0.089506</td>\n",
       "      <td>0.497570</td>\n",
       "      <td>2.997740</td>\n",
       "      <td>0.168067</td>\n",
       "    </tr>\n",
       "    <tr>\n",
       "      <th>std</th>\n",
       "      <td>0.495545</td>\n",
       "      <td>4.414660</td>\n",
       "      <td>0.664985</td>\n",
       "      <td>2.199282</td>\n",
       "      <td>2.276162</td>\n",
       "      <td>0.241453</td>\n",
       "      <td>0.006550</td>\n",
       "      <td>0.205200</td>\n",
       "      <td>0.173560</td>\n",
       "      <td>2.179705</td>\n",
       "      <td>2.474138</td>\n",
       "      <td>0.115150</td>\n",
       "      <td>0.285478</td>\n",
       "      <td>0.289207</td>\n",
       "      <td>2.007611</td>\n",
       "      <td>0.373933</td>\n",
       "    </tr>\n",
       "    <tr>\n",
       "      <th>min</th>\n",
       "      <td>0.000000</td>\n",
       "      <td>2.200736</td>\n",
       "      <td>0.311727</td>\n",
       "      <td>0.000000</td>\n",
       "      <td>1.700370</td>\n",
       "      <td>-33.167589</td>\n",
       "      <td>0.000584</td>\n",
       "      <td>-9.517986</td>\n",
       "      <td>1.178469</td>\n",
       "      <td>2.508858</td>\n",
       "      <td>1.173465</td>\n",
       "      <td>1.500006</td>\n",
       "      <td>0.000000</td>\n",
       "      <td>0.000101</td>\n",
       "      <td>0.000000</td>\n",
       "      <td>0.000000</td>\n",
       "    </tr>\n",
       "    <tr>\n",
       "      <th>25%</th>\n",
       "      <td>0.000000</td>\n",
       "      <td>6.592127</td>\n",
       "      <td>1.013540</td>\n",
       "      <td>3.000000</td>\n",
       "      <td>2.833161</td>\n",
       "      <td>-32.862207</td>\n",
       "      <td>0.009195</td>\n",
       "      <td>-9.258473</td>\n",
       "      <td>1.489924</td>\n",
       "      <td>3.464229</td>\n",
       "      <td>4.414671</td>\n",
       "      <td>1.600056</td>\n",
       "      <td>0.000000</td>\n",
       "      <td>0.247801</td>\n",
       "      <td>1.000000</td>\n",
       "      <td>0.000000</td>\n",
       "    </tr>\n",
       "    <tr>\n",
       "      <th>50%</th>\n",
       "      <td>0.000000</td>\n",
       "      <td>9.535961</td>\n",
       "      <td>1.462197</td>\n",
       "      <td>5.000000</td>\n",
       "      <td>4.840320</td>\n",
       "      <td>-32.577026</td>\n",
       "      <td>0.016053</td>\n",
       "      <td>-9.174557</td>\n",
       "      <td>1.537263</td>\n",
       "      <td>4.461770</td>\n",
       "      <td>5.317154</td>\n",
       "      <td>1.698556</td>\n",
       "      <td>0.000000</td>\n",
       "      <td>0.495255</td>\n",
       "      <td>3.000000</td>\n",
       "      <td>0.000000</td>\n",
       "    </tr>\n",
       "    <tr>\n",
       "      <th>75%</th>\n",
       "      <td>1.000000</td>\n",
       "      <td>14.432580</td>\n",
       "      <td>2.194510</td>\n",
       "      <td>6.000000</td>\n",
       "      <td>7.300738</td>\n",
       "      <td>-32.396733</td>\n",
       "      <td>0.018771</td>\n",
       "      <td>-8.964786</td>\n",
       "      <td>1.730249</td>\n",
       "      <td>6.524341</td>\n",
       "      <td>7.027610</td>\n",
       "      <td>1.799238</td>\n",
       "      <td>0.000000</td>\n",
       "      <td>0.748786</td>\n",
       "      <td>5.000000</td>\n",
       "      <td>0.000000</td>\n",
       "    </tr>\n",
       "    <tr>\n",
       "      <th>max</th>\n",
       "      <td>1.000000</td>\n",
       "      <td>20.882733</td>\n",
       "      <td>3.137331</td>\n",
       "      <td>9.000000</td>\n",
       "      <td>8.594620</td>\n",
       "      <td>-32.289180</td>\n",
       "      <td>0.029992</td>\n",
       "      <td>-8.586583</td>\n",
       "      <td>2.173593</td>\n",
       "      <td>11.214870</td>\n",
       "      <td>12.029135</td>\n",
       "      <td>1.899995</td>\n",
       "      <td>1.000000</td>\n",
       "      <td>0.999990</td>\n",
       "      <td>6.000000</td>\n",
       "      <td>1.000000</td>\n",
       "    </tr>\n",
       "  </tbody>\n",
       "</table>\n",
       "</div>"
      ],
      "text/plain": [
       "                s48            n1            n2            n3            n4  \\\n",
       "count  28322.000000  28322.000000  28322.000000  28322.000000  28322.000000   \n",
       "mean       0.433338     10.201863      1.600111      4.805099      5.080537   \n",
       "std        0.495545      4.414660      0.664985      2.199282      2.276162   \n",
       "min        0.000000      2.200736      0.311727      0.000000      1.700370   \n",
       "25%        0.000000      6.592127      1.013540      3.000000      2.833161   \n",
       "50%        0.000000      9.535961      1.462197      5.000000      4.840320   \n",
       "75%        1.000000     14.432580      2.194510      6.000000      7.300738   \n",
       "max        1.000000     20.882733      3.137331      9.000000      8.594620   \n",
       "\n",
       "                 n5            n6            n7            n8            n9  \\\n",
       "count  28322.000000  28322.000000  28322.000000  28322.000000  28322.000000   \n",
       "mean     -32.641183      0.015014     -9.107429      1.612428      5.232644   \n",
       "std        0.241453      0.006550      0.205200      0.173560      2.179705   \n",
       "min      -33.167589      0.000584     -9.517986      1.178469      2.508858   \n",
       "25%      -32.862207      0.009195     -9.258473      1.489924      3.464229   \n",
       "50%      -32.577026      0.016053     -9.174557      1.537263      4.461770   \n",
       "75%      -32.396733      0.018771     -8.964786      1.730249      6.524341   \n",
       "max      -32.289180      0.029992     -8.586583      2.173593     11.214870   \n",
       "\n",
       "                n10           n11           n13           n14           n15  \\\n",
       "count  28322.000000  28322.000000  28322.000000  28322.000000  28322.000000   \n",
       "mean       6.115109      1.699553      0.089506      0.497570      2.997740   \n",
       "std        2.474138      0.115150      0.285478      0.289207      2.007611   \n",
       "min        1.173465      1.500006      0.000000      0.000101      0.000000   \n",
       "25%        4.414671      1.600056      0.000000      0.247801      1.000000   \n",
       "50%        5.317154      1.698556      0.000000      0.495255      3.000000   \n",
       "75%        7.027610      1.799238      0.000000      0.748786      5.000000   \n",
       "max       12.029135      1.899995      1.000000      0.999990      6.000000   \n",
       "\n",
       "              label  \n",
       "count  28322.000000  \n",
       "mean       0.168067  \n",
       "std        0.373933  \n",
       "min        0.000000  \n",
       "25%        0.000000  \n",
       "50%        0.000000  \n",
       "75%        0.000000  \n",
       "max        1.000000  "
      ]
     },
     "execution_count": 10,
     "metadata": {},
     "output_type": "execute_result"
    }
   ],
   "source": [
    "train.describe()"
   ]
  },
  {
   "cell_type": "code",
   "execution_count": 11,
   "id": "09bbf85b",
   "metadata": {},
   "outputs": [
    {
     "data": {
      "text/html": [
       "<div>\n",
       "<style scoped>\n",
       "    .dataframe tbody tr th:only-of-type {\n",
       "        vertical-align: middle;\n",
       "    }\n",
       "\n",
       "    .dataframe tbody tr th {\n",
       "        vertical-align: top;\n",
       "    }\n",
       "\n",
       "    .dataframe thead th {\n",
       "        text-align: right;\n",
       "    }\n",
       "</style>\n",
       "<table border=\"1\" class=\"dataframe\">\n",
       "  <thead>\n",
       "    <tr style=\"text-align: right;\">\n",
       "      <th></th>\n",
       "      <th>s48</th>\n",
       "      <th>n1</th>\n",
       "      <th>n2</th>\n",
       "      <th>n3</th>\n",
       "      <th>n4</th>\n",
       "      <th>n5</th>\n",
       "      <th>n6</th>\n",
       "      <th>n7</th>\n",
       "      <th>n8</th>\n",
       "      <th>n9</th>\n",
       "      <th>n10</th>\n",
       "      <th>n11</th>\n",
       "      <th>n13</th>\n",
       "      <th>n14</th>\n",
       "      <th>n15</th>\n",
       "      <th>label</th>\n",
       "    </tr>\n",
       "  </thead>\n",
       "  <tbody>\n",
       "    <tr>\n",
       "      <th>s48</th>\n",
       "      <td>1.000000</td>\n",
       "      <td>-0.031168</td>\n",
       "      <td>-0.033586</td>\n",
       "      <td>0.051126</td>\n",
       "      <td>-0.088057</td>\n",
       "      <td>0.007119</td>\n",
       "      <td>-0.116692</td>\n",
       "      <td>0.026812</td>\n",
       "      <td>-0.010002</td>\n",
       "      <td>0.092835</td>\n",
       "      <td>0.055772</td>\n",
       "      <td>0.000968</td>\n",
       "      <td>0.003117</td>\n",
       "      <td>0.005858</td>\n",
       "      <td>0.008473</td>\n",
       "      <td>0.248349</td>\n",
       "    </tr>\n",
       "    <tr>\n",
       "      <th>n1</th>\n",
       "      <td>-0.031168</td>\n",
       "      <td>1.000000</td>\n",
       "      <td>0.855794</td>\n",
       "      <td>0.289057</td>\n",
       "      <td>0.131877</td>\n",
       "      <td>0.166290</td>\n",
       "      <td>0.081274</td>\n",
       "      <td>0.602224</td>\n",
       "      <td>0.662666</td>\n",
       "      <td>0.393686</td>\n",
       "      <td>0.490394</td>\n",
       "      <td>-0.004650</td>\n",
       "      <td>0.010118</td>\n",
       "      <td>-0.002616</td>\n",
       "      <td>-0.006759</td>\n",
       "      <td>0.142913</td>\n",
       "    </tr>\n",
       "    <tr>\n",
       "      <th>n2</th>\n",
       "      <td>-0.033586</td>\n",
       "      <td>0.855794</td>\n",
       "      <td>1.000000</td>\n",
       "      <td>0.321529</td>\n",
       "      <td>0.154993</td>\n",
       "      <td>0.135346</td>\n",
       "      <td>0.026397</td>\n",
       "      <td>0.624320</td>\n",
       "      <td>0.648843</td>\n",
       "      <td>0.401184</td>\n",
       "      <td>0.525765</td>\n",
       "      <td>-0.006222</td>\n",
       "      <td>0.014115</td>\n",
       "      <td>-0.002258</td>\n",
       "      <td>-0.006553</td>\n",
       "      <td>0.120631</td>\n",
       "    </tr>\n",
       "    <tr>\n",
       "      <th>n3</th>\n",
       "      <td>0.051126</td>\n",
       "      <td>0.289057</td>\n",
       "      <td>0.321529</td>\n",
       "      <td>1.000000</td>\n",
       "      <td>0.222131</td>\n",
       "      <td>-0.056097</td>\n",
       "      <td>-0.425036</td>\n",
       "      <td>0.640050</td>\n",
       "      <td>0.220419</td>\n",
       "      <td>0.395780</td>\n",
       "      <td>0.604656</td>\n",
       "      <td>-0.000420</td>\n",
       "      <td>0.002704</td>\n",
       "      <td>-0.006510</td>\n",
       "      <td>-0.005514</td>\n",
       "      <td>-0.123280</td>\n",
       "    </tr>\n",
       "    <tr>\n",
       "      <th>n4</th>\n",
       "      <td>-0.088057</td>\n",
       "      <td>0.131877</td>\n",
       "      <td>0.154993</td>\n",
       "      <td>0.222131</td>\n",
       "      <td>1.000000</td>\n",
       "      <td>0.050772</td>\n",
       "      <td>-0.088265</td>\n",
       "      <td>0.223498</td>\n",
       "      <td>0.058810</td>\n",
       "      <td>0.168241</td>\n",
       "      <td>0.204752</td>\n",
       "      <td>-0.010558</td>\n",
       "      <td>0.007066</td>\n",
       "      <td>0.000621</td>\n",
       "      <td>-0.000099</td>\n",
       "      <td>-0.069697</td>\n",
       "    </tr>\n",
       "    <tr>\n",
       "      <th>n5</th>\n",
       "      <td>0.007119</td>\n",
       "      <td>0.166290</td>\n",
       "      <td>0.135346</td>\n",
       "      <td>-0.056097</td>\n",
       "      <td>0.050772</td>\n",
       "      <td>1.000000</td>\n",
       "      <td>0.426532</td>\n",
       "      <td>-0.093723</td>\n",
       "      <td>0.105349</td>\n",
       "      <td>0.124063</td>\n",
       "      <td>-0.160737</td>\n",
       "      <td>0.005097</td>\n",
       "      <td>0.001276</td>\n",
       "      <td>-0.014498</td>\n",
       "      <td>0.000468</td>\n",
       "      <td>0.183936</td>\n",
       "    </tr>\n",
       "    <tr>\n",
       "      <th>n6</th>\n",
       "      <td>-0.116692</td>\n",
       "      <td>0.081274</td>\n",
       "      <td>0.026397</td>\n",
       "      <td>-0.425036</td>\n",
       "      <td>-0.088265</td>\n",
       "      <td>0.426532</td>\n",
       "      <td>1.000000</td>\n",
       "      <td>-0.379512</td>\n",
       "      <td>0.077969</td>\n",
       "      <td>-0.145519</td>\n",
       "      <td>-0.455716</td>\n",
       "      <td>-0.001123</td>\n",
       "      <td>-0.001449</td>\n",
       "      <td>-0.007769</td>\n",
       "      <td>0.005207</td>\n",
       "      <td>0.168914</td>\n",
       "    </tr>\n",
       "    <tr>\n",
       "      <th>n7</th>\n",
       "      <td>0.026812</td>\n",
       "      <td>0.602224</td>\n",
       "      <td>0.624320</td>\n",
       "      <td>0.640050</td>\n",
       "      <td>0.223498</td>\n",
       "      <td>-0.093723</td>\n",
       "      <td>-0.379512</td>\n",
       "      <td>1.000000</td>\n",
       "      <td>0.500690</td>\n",
       "      <td>0.450283</td>\n",
       "      <td>0.781825</td>\n",
       "      <td>-0.002946</td>\n",
       "      <td>0.000887</td>\n",
       "      <td>0.003437</td>\n",
       "      <td>-0.007161</td>\n",
       "      <td>-0.033714</td>\n",
       "    </tr>\n",
       "    <tr>\n",
       "      <th>n8</th>\n",
       "      <td>-0.010002</td>\n",
       "      <td>0.662666</td>\n",
       "      <td>0.648843</td>\n",
       "      <td>0.220419</td>\n",
       "      <td>0.058810</td>\n",
       "      <td>0.105349</td>\n",
       "      <td>0.077969</td>\n",
       "      <td>0.500690</td>\n",
       "      <td>1.000000</td>\n",
       "      <td>0.289764</td>\n",
       "      <td>0.400302</td>\n",
       "      <td>-0.002946</td>\n",
       "      <td>0.005679</td>\n",
       "      <td>-0.001934</td>\n",
       "      <td>0.001868</td>\n",
       "      <td>0.168010</td>\n",
       "    </tr>\n",
       "    <tr>\n",
       "      <th>n9</th>\n",
       "      <td>0.092835</td>\n",
       "      <td>0.393686</td>\n",
       "      <td>0.401184</td>\n",
       "      <td>0.395780</td>\n",
       "      <td>0.168241</td>\n",
       "      <td>0.124063</td>\n",
       "      <td>-0.145519</td>\n",
       "      <td>0.450283</td>\n",
       "      <td>0.289764</td>\n",
       "      <td>1.000000</td>\n",
       "      <td>0.457136</td>\n",
       "      <td>-0.012473</td>\n",
       "      <td>0.008989</td>\n",
       "      <td>-0.008778</td>\n",
       "      <td>0.001764</td>\n",
       "      <td>0.042518</td>\n",
       "    </tr>\n",
       "    <tr>\n",
       "      <th>n10</th>\n",
       "      <td>0.055772</td>\n",
       "      <td>0.490394</td>\n",
       "      <td>0.525765</td>\n",
       "      <td>0.604656</td>\n",
       "      <td>0.204752</td>\n",
       "      <td>-0.160737</td>\n",
       "      <td>-0.455716</td>\n",
       "      <td>0.781825</td>\n",
       "      <td>0.400302</td>\n",
       "      <td>0.457136</td>\n",
       "      <td>1.000000</td>\n",
       "      <td>-0.000092</td>\n",
       "      <td>0.009095</td>\n",
       "      <td>0.004541</td>\n",
       "      <td>-0.007330</td>\n",
       "      <td>-0.047156</td>\n",
       "    </tr>\n",
       "    <tr>\n",
       "      <th>n11</th>\n",
       "      <td>0.000968</td>\n",
       "      <td>-0.004650</td>\n",
       "      <td>-0.006222</td>\n",
       "      <td>-0.000420</td>\n",
       "      <td>-0.010558</td>\n",
       "      <td>0.005097</td>\n",
       "      <td>-0.001123</td>\n",
       "      <td>-0.002946</td>\n",
       "      <td>-0.002946</td>\n",
       "      <td>-0.012473</td>\n",
       "      <td>-0.000092</td>\n",
       "      <td>1.000000</td>\n",
       "      <td>-0.005727</td>\n",
       "      <td>0.002026</td>\n",
       "      <td>0.001145</td>\n",
       "      <td>-0.002960</td>\n",
       "    </tr>\n",
       "    <tr>\n",
       "      <th>n13</th>\n",
       "      <td>0.003117</td>\n",
       "      <td>0.010118</td>\n",
       "      <td>0.014115</td>\n",
       "      <td>0.002704</td>\n",
       "      <td>0.007066</td>\n",
       "      <td>0.001276</td>\n",
       "      <td>-0.001449</td>\n",
       "      <td>0.000887</td>\n",
       "      <td>0.005679</td>\n",
       "      <td>0.008989</td>\n",
       "      <td>0.009095</td>\n",
       "      <td>-0.005727</td>\n",
       "      <td>1.000000</td>\n",
       "      <td>-0.002274</td>\n",
       "      <td>0.003618</td>\n",
       "      <td>0.008253</td>\n",
       "    </tr>\n",
       "    <tr>\n",
       "      <th>n14</th>\n",
       "      <td>0.005858</td>\n",
       "      <td>-0.002616</td>\n",
       "      <td>-0.002258</td>\n",
       "      <td>-0.006510</td>\n",
       "      <td>0.000621</td>\n",
       "      <td>-0.014498</td>\n",
       "      <td>-0.007769</td>\n",
       "      <td>0.003437</td>\n",
       "      <td>-0.001934</td>\n",
       "      <td>-0.008778</td>\n",
       "      <td>0.004541</td>\n",
       "      <td>0.002026</td>\n",
       "      <td>-0.002274</td>\n",
       "      <td>1.000000</td>\n",
       "      <td>-0.007707</td>\n",
       "      <td>0.005095</td>\n",
       "    </tr>\n",
       "    <tr>\n",
       "      <th>n15</th>\n",
       "      <td>0.008473</td>\n",
       "      <td>-0.006759</td>\n",
       "      <td>-0.006553</td>\n",
       "      <td>-0.005514</td>\n",
       "      <td>-0.000099</td>\n",
       "      <td>0.000468</td>\n",
       "      <td>0.005207</td>\n",
       "      <td>-0.007161</td>\n",
       "      <td>0.001868</td>\n",
       "      <td>0.001764</td>\n",
       "      <td>-0.007330</td>\n",
       "      <td>0.001145</td>\n",
       "      <td>0.003618</td>\n",
       "      <td>-0.007707</td>\n",
       "      <td>1.000000</td>\n",
       "      <td>-0.002457</td>\n",
       "    </tr>\n",
       "    <tr>\n",
       "      <th>label</th>\n",
       "      <td>0.248349</td>\n",
       "      <td>0.142913</td>\n",
       "      <td>0.120631</td>\n",
       "      <td>-0.123280</td>\n",
       "      <td>-0.069697</td>\n",
       "      <td>0.183936</td>\n",
       "      <td>0.168914</td>\n",
       "      <td>-0.033714</td>\n",
       "      <td>0.168010</td>\n",
       "      <td>0.042518</td>\n",
       "      <td>-0.047156</td>\n",
       "      <td>-0.002960</td>\n",
       "      <td>0.008253</td>\n",
       "      <td>0.005095</td>\n",
       "      <td>-0.002457</td>\n",
       "      <td>1.000000</td>\n",
       "    </tr>\n",
       "  </tbody>\n",
       "</table>\n",
       "</div>"
      ],
      "text/plain": [
       "            s48        n1        n2        n3        n4        n5        n6  \\\n",
       "s48    1.000000 -0.031168 -0.033586  0.051126 -0.088057  0.007119 -0.116692   \n",
       "n1    -0.031168  1.000000  0.855794  0.289057  0.131877  0.166290  0.081274   \n",
       "n2    -0.033586  0.855794  1.000000  0.321529  0.154993  0.135346  0.026397   \n",
       "n3     0.051126  0.289057  0.321529  1.000000  0.222131 -0.056097 -0.425036   \n",
       "n4    -0.088057  0.131877  0.154993  0.222131  1.000000  0.050772 -0.088265   \n",
       "n5     0.007119  0.166290  0.135346 -0.056097  0.050772  1.000000  0.426532   \n",
       "n6    -0.116692  0.081274  0.026397 -0.425036 -0.088265  0.426532  1.000000   \n",
       "n7     0.026812  0.602224  0.624320  0.640050  0.223498 -0.093723 -0.379512   \n",
       "n8    -0.010002  0.662666  0.648843  0.220419  0.058810  0.105349  0.077969   \n",
       "n9     0.092835  0.393686  0.401184  0.395780  0.168241  0.124063 -0.145519   \n",
       "n10    0.055772  0.490394  0.525765  0.604656  0.204752 -0.160737 -0.455716   \n",
       "n11    0.000968 -0.004650 -0.006222 -0.000420 -0.010558  0.005097 -0.001123   \n",
       "n13    0.003117  0.010118  0.014115  0.002704  0.007066  0.001276 -0.001449   \n",
       "n14    0.005858 -0.002616 -0.002258 -0.006510  0.000621 -0.014498 -0.007769   \n",
       "n15    0.008473 -0.006759 -0.006553 -0.005514 -0.000099  0.000468  0.005207   \n",
       "label  0.248349  0.142913  0.120631 -0.123280 -0.069697  0.183936  0.168914   \n",
       "\n",
       "             n7        n8        n9       n10       n11       n13       n14  \\\n",
       "s48    0.026812 -0.010002  0.092835  0.055772  0.000968  0.003117  0.005858   \n",
       "n1     0.602224  0.662666  0.393686  0.490394 -0.004650  0.010118 -0.002616   \n",
       "n2     0.624320  0.648843  0.401184  0.525765 -0.006222  0.014115 -0.002258   \n",
       "n3     0.640050  0.220419  0.395780  0.604656 -0.000420  0.002704 -0.006510   \n",
       "n4     0.223498  0.058810  0.168241  0.204752 -0.010558  0.007066  0.000621   \n",
       "n5    -0.093723  0.105349  0.124063 -0.160737  0.005097  0.001276 -0.014498   \n",
       "n6    -0.379512  0.077969 -0.145519 -0.455716 -0.001123 -0.001449 -0.007769   \n",
       "n7     1.000000  0.500690  0.450283  0.781825 -0.002946  0.000887  0.003437   \n",
       "n8     0.500690  1.000000  0.289764  0.400302 -0.002946  0.005679 -0.001934   \n",
       "n9     0.450283  0.289764  1.000000  0.457136 -0.012473  0.008989 -0.008778   \n",
       "n10    0.781825  0.400302  0.457136  1.000000 -0.000092  0.009095  0.004541   \n",
       "n11   -0.002946 -0.002946 -0.012473 -0.000092  1.000000 -0.005727  0.002026   \n",
       "n13    0.000887  0.005679  0.008989  0.009095 -0.005727  1.000000 -0.002274   \n",
       "n14    0.003437 -0.001934 -0.008778  0.004541  0.002026 -0.002274  1.000000   \n",
       "n15   -0.007161  0.001868  0.001764 -0.007330  0.001145  0.003618 -0.007707   \n",
       "label -0.033714  0.168010  0.042518 -0.047156 -0.002960  0.008253  0.005095   \n",
       "\n",
       "            n15     label  \n",
       "s48    0.008473  0.248349  \n",
       "n1    -0.006759  0.142913  \n",
       "n2    -0.006553  0.120631  \n",
       "n3    -0.005514 -0.123280  \n",
       "n4    -0.000099 -0.069697  \n",
       "n5     0.000468  0.183936  \n",
       "n6     0.005207  0.168914  \n",
       "n7    -0.007161 -0.033714  \n",
       "n8     0.001868  0.168010  \n",
       "n9     0.001764  0.042518  \n",
       "n10   -0.007330 -0.047156  \n",
       "n11    0.001145 -0.002960  \n",
       "n13    0.003618  0.008253  \n",
       "n14   -0.007707  0.005095  \n",
       "n15    1.000000 -0.002457  \n",
       "label -0.002457  1.000000  "
      ]
     },
     "execution_count": 11,
     "metadata": {},
     "output_type": "execute_result"
    }
   ],
